-1125
-1250
-1209
-1637
-1787
-1810
-1839
-1668
-1283
-1411
-1126
-1287
-1034
-1179
-1412
-1460
-1255
-1784
-1651
-1784
-1609
-1155
-1085
-1520
-1892
-1701
-1914
-1378
-1242
-1317
-1998
-1438
-1197
-1392
-1546
-1414
-1797
-1809
-1449
-1583
-1714
-1181
-1606
-1318
-1305
-1888
-1952
-1624
-1440
-1408
-1712
-1041
-1527
-1258
-1036
-1160
-1555
-1741
-1923
-1377
-1793
-1850
-1339
-1746
-1367
-1461
-1408
-1895
-1327
-1911
-1853
-1818
-1923
-1483
-1805
-1565
-1234
-1482
-1608
-1288
-1105
-1699
-1420
-1683
-1684
-1230
-1784
-1857
-1488
-1541
-1630
-1215
-1319
-1665
-1834
-1653
-1467
-1475
-1115
-1104
-1734
-1200
-1938
-1690
-1825
-1265
-1484
-1009
-1363
-1879
-1862
-1943
-1940
-1431
-1369
-1458
-1468
-1578
-1133
-1058
-1068
-1579
-1638
-1281
-1788
-1131
-1734
-1853
-1769
-1808
-1110
-1198
-1838
-1070
-1521
-1341
-1698
-1418
-1706
-1015
-1516
-1497
-1277
-1471
-1925
-1247
-1525
-1439
-1818
-1682
-1525
-1599
-1579
-1337
-1591
-1093
-1312
-1808
-1601
-1622
-1688
-1308
-1466
-1469
-1676
-1596
-1029
-1518
-1839
-1217
-1996
-1233
-1315
-1908
-1508
-1900
-1608
-1883
-1752
-1737
-1243
-1621
-1568
-1822
-1399
-1430
-1125
-1088
-1402
-1011
-1386
-1666
-1022
-1807
-1842
-1955
-1448
-1364
-1189
-1384
-1883
-1885
-1225
-1988
-1492
-1623
-1741
-1629
-1238
-1023
-1003
-1072
-1852
-1754
-1072
-1159
-1974
-1645
-1595
-1045
-1507
-1519
-1197
-1089
-1449
-1794
-1283
-1883
-1546
-1210
-1704
-1773
-1718
-1417
-1710
-1236
-1933
-1585
-1235
-1143
-1724
-1458
-1426
-1559
-1083
-1417
-1380
-1328
-1977
-1591
-1361
-1943
-1263
-1985
-1623
-1072
-1231
-1381
-1445
-1152
-1343
-1548
-1391
-1207
-1451
-1419
-1621
-1301
-1492
-1226
-1036
-1409
-1600
-1183
-1874
-1456
-1403
-1173
-1604
-1560
-1125
-1023
-1340
-1652
-1588
-1930
-1547
-1382
-1120
-1203
-1345
-1658
-1263
-1799
-1495
-1865
-1185
-1666
-1624
-1965
-1262
-1894
-1373
-1233
-1498
-1375
-1263
-1443
-1330
-1611
-1368
-1237
-1538
-1124
-1853
-1151
-1880
-1887
-1103
-1388
-1693
-1830
-1777
-1919
-1997
-1198
-1812
-1240
-1321
-1104
-1400
-1029
-1367
-1361
-1829
-1179
-1077
-1517
-1263
-1913
-1557
-1395
-1940
-1259
-1380
-1043
-1470
-1248
-1062
-1548
-1265
-1225
-1963
-1022
-1140
-1885
-1838
-1003
-1659
-1562
-1272
-1887
-1570
-1065
-1016
-1661
-1187
-1437
-1161
-1890
-1527
-1187
-1204
-1811
-1731
-1829
-1346
-1631
-1177
-1861
-1883
-1826
-1124
-1320
-1498
-1632
-1469
-1559
-1785
-1702
-1591
-1679
-1155
-1587
-1442
-1205
-1837
-1822
-1173
-1353
-1779
-1610
-1920
-1821
-1236
-1588
-1025
-1331
-1123
-1420
-1109
-1201
-1707
-1437
-1873
-1155
-1490
-1844
-1116
-1040
-1598
-1013
-1749
-1484
-1947
-1986
-1184
-1661
-1816
-1121
-1169
-1394
-1518
-1922
-1462
-1436
-1699
-1336
-1752
-1732
-1653
-1252
-1806
-1888
-1409
-1632
-1252
-1926
-1639
-1511
-1813
-1702
-1036
-1126
-1945
-1547
-1752
-1540
-1427
-1095
-1522
-1597
-1070
-1893
-1995
-1236
-1574
-1733
-1854
-1959
-1806
-1188
-1754
-1859
-1190
-1449
-1356
-1356
-1892
-1815
-1672
-1436
-1395
-1201
-1486
-1881
-1805
-1189
-1602
-1307
-1809
-1178
-1173
-1001
-1814
-1532
-1220
-1209
-1609
-1948
-1484
-1387
-1085
-1644
-1001
-1121
-1580
-1254
-1477
-1400
-1349
-1554
-1393
-1080
-1597
-1152
-1138
-1771
-1512
-1673
-1606
-1453
-1743
-1555
-1859
-1696
-1643
-1398
-1911
-1134
-1630
-1497
-1285
-1159
-1033
-1821
-1170
-1394
-1379
-1010
-1706
-1281
-1105
-1442
-1533
-1251
-1504
-1502
-1752
-1288
-1704
-1713
-1853
-1405
-1660
-1222
-1458
-1693
-1714
-1789
-1153
-1437
-1193
-1698
-1389
-1641
-1206
-1509
-1892
-1142
-1173
-1750
-1907
-1717
-1619
-1598
-1513
-1755
-1898
-1541
-1665
-1424
-1465
-1412
-1055
-1809
-1072
-1034
-1726
-1874
-1709
-1912
-1461
-1678
-1803
-2000
-1194
-1118
-1781
-1959
-1392
-1673
-1560
-1452
-1511
-1515
-1625
-1117
-1107
-1463
-1680
-1109
-1028
-1615
-1350
-1891
-1216
-1045
-1131
-1638
-1558
-1156
-1158
-1312
-1451
-1121
-1750
-1597
-1325
-1840
-1897
-1371
-1602
-1272
-1636
-1148
-1964
-1939
-1346
-1853
-1203
-1383
-1588
-1240
-1058
-1347
-1268
-1456
-1931
-1769
-1565
-1111
-1579
-1736
-1327
-1674
-1217
-1765
-1226
-1486
-1730
-1246
-1524
-1945
-1780
-1005
-1308
-1002
-1138
-1690
-1362
-1151
-1239
-1532
-1752
-1955
-1068
-1265
-1481
-1918
-1597
-1829
-1932
-1660
-1834
-1520
-1543
-1942
-1602
-1807
-1515
-1920
-1712
-1352
-1018
-1853
-1232
-1990
-1213
-1617
-1772
-1489
-1664
-1931
-1031
-1412
-1851
-1039
-1648
-1040
-1044
-1691
-1609
-1460
-1600
-1396
-1460
-1802
-1176
-1837
-1819
-1823
-1081
-1286
-1865
-1187
-1668
-1752
-1653
-1033
-1401
-1755
-1377
-1025
-1521
-1317
-1451
-1083
-1535
-1022
-1520
-1919
-1541
-1015
-1883
-1656
-1699
-1916
-1342
-1232
-1208
-1167
-1709
-1522
-1586
-1062
-1752
-1014
-1026
-1158
-1091
-1425
-1963
-1436
-1564
-1599
-1296
-1655
-1955
-1470
-1789
-1661
-1136
-1354
-1420
-1314
-1578
-1008
-1559
-1856
-1025
-1570
-1790
-1626
-1034
-1536
-1702
-1933
-1904
-1138
-1341
-1086
-1980
-1824
-1355
-1953
-1857
-1849
-1746
-1946
-1604
-1213
-1915
-1180
-1355
-1399
-1467
-1592
-1671
-1149
-1787
-1420
-1475
-1804
-1163
-1394
-1026
-1291
-1153
-1327
-1644
-1195
-1910
-1435
-1381
-1786
-1701
-1345
-1288
-1928
-1388
-1939
-1979
-1999
-1109
-1179
-1003
-1742
-1042
-1282
-1497
-1800
-1207
-1261
-1677
-1113
-1198
-1557
-1518
-1789
-1728
-1072
-1299
-1101
-1936
-1364
-1926
-1831
-1097
-1270
-1884
-1900
-1707
-1800
-1657
-1899
-1223
-1629
-1063
-1599
-1577
-1788
-1966
-1818
-1621
-1798
-1409
-1982
-1834
-1851
-1590
-1194
-1198
-1912
-1958
-1870
-1188
-1841
-1877
-1197
-1546
-1551
-1039
-1177
-1995
-1496
-1896
-1373
-1454
-1691
-1581
-1853
-1212
-1525
-1153
-1332
-1035
-1024
-1149
-1372
-1595
-1917
-1197
-1932
-1771
-1215
-1724
-1175
-1138
-1794
-1754
-1253
-1205
-1682
-1841
-1206
-1527
-1760
-1754
-1426
-1517
-1088
-1975
-1895
-1121
-1037
-1080
-1694
-1830
-1200
-1461
-1907
-1357
-1887
-1917
-1768
-1034
-1347
-1587
-1604
-1992
-1349
-1959
-1763
-1511
-1350
-1766
-1400
-1143
-1583
-1975
-1313
-1190
-1075
-1245
-1212
-1793
-1213
-1975
-1148
-1867
-1323
-1122
-1686
-1178
-1835
-1721
-1757
-1882
-1237
-1876
-1517
-1574
-1586
-1682
-1924
-1512
-1968
-1495
-1186
-1300
-1919
-1026
-1674
-1592
-1658
-1706
-1441
-1324
-1102
4
9
4
6
3
5
1
1
3
4
0
0
2
1
6
6
3
7
3
2
5
7
9
6
4
3
2
0
2
8
8
4
1
6
4
7
2
8
9
0
9
7
5
0
0
7
0
8
4
3
2
1
2
3
8
1
7
6
3
3
0
6
0
3
8
4
0
5
7
2
7
7
9
3
4
8
8
7
6
3
9
5
9
4
6
0
4
0
7
7
0
0
4
0
7
9
4
7
7
6
1
6
0
6
7
1
3
1
2
1
8
5
5
7
4
1
0
5
8
9
1
1
9
1
5
4
3
6
4
7
9
9
9
5
5
2
0
3
6
2
1
3
1
1
0
2
8
6
5
4
3
2
5
9
9
0
1
0
9
1
5
3
5
5
7
2
8
1
7
1
9
2
0
7
3
3
6
6
0
9
1
2
8
4
4
6
7
7
7
2
7
0
1
1
1
2
5
0
2
5
5
6
1
5
7
6
7
1
9
4
2
9
2
0
7
1
9
6
1
6
6
1
2
5
6
6
4
7
1
2
3
1
0
9
0
1
8
3
8
8
5
9
6
7
4
8
5
2
8
7
7
8
0
5
7
2
6
5
7
3
1
1
9
2
3
5
5
6
1
6
5
9
2
5
9
4
5
3
6
2
9
7
5
8
8
6
6
2
6
1
1
9
4
1
5
3
6
7
2
1
1
7
5
0
8
8
6
7
4
1
7
8
1
7
7
2
3
3
0
0
4
4
9
7
9
1
7
3
4
6
9
4
4
9
5
3
5
7
2
5
6
9
4
9
7
3
6
4
6
1
9
8
3
5
5
8
0
6
2
7
3
8
4
7
6
6
8
6
2
3
0
3
7
1
4
1
1
7
2
0
8
4
9
9
9
0
5
2
8
2
4
4
4
6
7
4
2
7
4
6
1
6
0
0
9
4
0
1
1
7
1
0
9
7
8
7
0
8
8
2
9
0
4
2
0
6
8
4
7
6
3
4
7
1
9
2
8
3
7
6
0
1
7
7
9
0
1
7
5
4
2
4
4
6
9
1
0
4
6
5
6
5
5
6
2
0
2
7
4
1
8
0
7
1
0
6
5
2
1
4
1
0
5
5
4
4
8
2
8
2
9
2
2
9
6
2
7
8
2
6
3
8
5
3
2
5
0
5
9
1
5
8
6
4
0
8
3
0
2
7
8
1
2
3
8
4
5
1
7
2
4
3
6
9
9
8
2
3
3
1
9
6
1
9
2
4
1
8
8
7
5
1
6
2
8
5
3
5
3
9
4
1
9
6
9
7
8
9
5
4
2
2
9
9
2
6
9
2
7
1
9
6
6
7
2
2
7
4
5
4
2
7
7
6
4
9
3
6
1
0
6
5
9
5
3
8
6
8
4
9
6
3
9
6
0
9
9
1
2
7
3
5
1
6
3
2
1
2
2
8
4
5
0
9
5
7
1
0
1
0
9
4
5
1
2
7
9
4
0
3
2
4
6
2
4
5
8
1
2
9
7
2
4
8
7
1
3
7
6
7
4
2
2
0
3
3
3
2
0
5
5
0
6
6
8
1
7
5
6
1
9
8
3
6
3
9
2
4
6
8
9
0
1
1
0
0
5
4
1
5
8
5
8
8
7
5
2
6
1
4
1
8
1
0
0
1
6
3
1
5
3
4
6
8
8
8
7
8
6
9
4
5
9
6
5
2
2
3
2
1
9
2
5
5
3
9
7
0
4
2
6
0
0
3
5
6
3
6
0
2
0
4
8
5
6
2
6
4
1
0
6
2
9
6
2
8
7
6
7
7
0
2
3
9
6
9
3
0
3
0
5
9
4
6
4
4
9
7
6
0
9
4
5
8
0
7
0
6
8
2
7
5
8
0
1
2
5
0
9
1
8
1
6
1
0
1
2
3
9
0
6
1
5
8
9
5
2
9
6
0
9
3
0
5
6
3
6
8
1
2
6
4
9
6
5
3
8
8
3
9
7
4
1
1
6
4
1
1
3
4
3
9
4
8
1
1
0
0
3
9
3
5
4
8
6
9
3
7
1
6
8
1
4
2
1
1
9
9
5
8
5
0
3
5
2
0
7
1
3
8
0
7
2
7
0
9
5
0
8
2
4
0
1
5
8
6
2
8
9
4
2
4
5
0
8
5
3
8
5
9
0
6
3
4
8
8
6
6
4
7
5
3
3
0
8
9
9
2
6
7
3
9
5
8
8
8
7
7
9
6
8
3
2
7
7
1
5
2
0
0
5
4
2
4
7
5
0
4
2
1
1549
1854
1230
1165
1624
1862
1854
1564
1374
1825
1941
1022
1342
1679
1261
1874
1776
1382
1968
1666
1981
1052
1329
1896
1006
1340
1529
1080
1449
1038
1185
1542
1182
1120
1840
1086
1141
1034
1638
1537
1432
1756
1249
1930
1252
1892
1926
1229
1064
1649
1434
1825
1046
1608
1429
1693
1662
1800
1153
1580
1741
1854
1715
1533
1321
1841
1956
1364
1251
1661
1080
1793
1024
1021
1436
1409
1111
1940
1902
1692
1139
1945
1922
1344
1523
1718
1548
1059
1443
1747
1732
1391
1839
1061
1233
1574
1618
1982
1057
1767
1025
1603
1313
1866
1336
1963
1302
1712
1875
1593
1242
1154
1797
1145
1188
1652
1318
1641
1884
1003
1194
1169
1578
1104
1923
1656
1806
1687
1589
1226
1391
1803
1066
1148
1928
1041
1045
1569
1554
1039
1669
1376
1559
1882
1859
1889
1861
1963
1038
1073
1287
1643
1456
1113
1687
1001
1764
1190
1263
1706
1756
1634
1700
1932
1278
1758
1569
1304
1620
1324
1401
1114
1653
1264
1434
1013
1634
1677
1564
1309
1807
1122
1838
1565
1768
1385
1141
1766
1985
1388
1847
1535
1990
1309
1211
1987
1748
1179
1128
1496
1970
1689
1097
1418
1458
1789
1291
1422
1276
1194
1968
1335
1518
1968
1180
1066
1275
1714
1498
1392
1499
1487
1314
1933
1133
1116
1250
1203
1579
1161
1005
1583
1924
1937
1118
1084
1705
1075
1654
1947
1390
1242
1173
1358
1558
1134
1574
1756
1655
1848
1088
1962
1128
1450
1242
1517
1726
1149
1628
1043
1315
1430
1706
1341
1685
1592
1137
1914
1213
1770
1965
1790
1999
1308
1963
1550
1615
1175
1924
1174
1465
1462
1271
1613
1590
1996
1697
1703
1448
1980
1957
1461
1591
1726
1506
1070
1464
1304
1215
1189
1750
1522
1883
1177
1069
1571
1925
1310
1920
1897
1507
1103
1852
1955
1343
1148
1326
1896
1786
1883
1357
1909
1133
1286
1852
1721
1526
1538
1093
1671
1148
1220
1012
1458
1760
1430
1646
1436
1787
1963
1283
1650
1222
1281
1835
1187
1831
1348
1410
1294
1950
1779
1702
1505
1105
1937
1862
1294
1400
1758
1331
1729
1813
1317
1316
1617
1471
1709
1759
1605
1864
1538
1871
1514
1731
1043
1408
1042
1581
1506
1990
1659
1105
1599
1940
1860
1582
1362
1248
1130
1283
1604
1996
1652
1645
1690
1056
1713
1488
1113
1863
1234
1191
1472
1526
1311
1987
1564
1023
1345
1004
1831
1122
1138
1290
1364
1375
1453
1999
1103
1342
1323
1762
1567
1884
1578
1024
1408
1953
1520
1743
1419
1541
1765
1394
1753
1564
1307
1889
1122
1233
1397
1781
1240
1325
1273
1748
1728
1239
1148
1180
1400
1743
1287
1088
1058
1715
1575
1816
1896
1402
1921
1676
1148
1121
1993
1188
1154
1442
1413
1958
1779
1910
1800
1120
1530
1048
1828
1060
1824
1099
1111
1483
1804
1098
1999
1022
1726
1088
1545
1366
1749
1810
1791
1844
1338
1037
1750
1226
1769
1262
1541
1718
1971
1620
1648
1723
1622
1937
1473
1930
1598
1307
1820
1932
1026
1247
1482
1610
1876
1868
1726
1586
1598
1158
1832
1706
1089
1168
1626
1877
1674
1577
1442
1366
1250
1926
1004
1426
1733
1871
1863
1631
1192
1801
1819
1762
1855
1464
1213
1909
1742
1677
1609
1080
1942
1457
1019
1803
1391
1170
1835
1800
1055
1329
1682
1863
1299
1750
1995
1137
1729
1099
1169
1569
1358
1999
1512
1056
1597
1782
1310
1412
1859
1544
1851
1607
1331
1047
1819
1973
1818
1524
1766
1281
1238
1861
1669
1422
1328
1274
1539
1752
1623
1127
1890
1091
1205
1207
1858
1030
1230
1033
1772
1475
1504
1794
1095
1407
1055
1816
1567
1692
1838
1243
1809
1510
1519
1214
1501
1152
1719
1099
1094
1909
1499
1779
1912
1187
1417
1668
1723
1787
1449
1058
1202
1023
1317
1938
1499
1892
1936
1985
1953
1792
1773
1102
1368
1492
1936
1336
1695
1407
1469
1324
1776
1035
1318
1059
1284
1355
1690
1909
1351
1327
1245
1223
1958
1516
1250
1861
1074
1088
1355
1198
1949
1943
1974
1802
1863
1560
1027
1769
1087
1234
1954
1438
1343
1633
1242
1194
1840
1979
1324
1564
1643
1305
1357
1724
1921
1174
1107
1083
1582
1390
1609
1273
1978
1844
1936
1654
1463
1794
1364
1647
1063
1881
1833
1437
1610
1954
1049
1036
1658
1929
1402
1493
1087
1616
1008
1140
1249
1217
1461
1617
1658
1013
1659
1764
1114
1056
1090
1899
1891
1067
1350
1630
1226
1394
1087
1117
1352
1353
1893
1987
1630
1040
1407
1068
1653
1716
1084
1222
1786
1305
1664
1174
1690
1834
1594
1836
1304
1484
1077
1114
1720
1187
1614
1384
1952
1323
1406
1529
1065
1763
1613
1731
1340
1515
1972
1738
1391
1270
1457
1256
1733
1813
1904
1848
1411
1517
1202
1827
1169
1582
1828
1558
1373
1147
1686
1094
1331
1327
1904
1699
1293
1432
1073
1526
1294
1409
1654
1976
1762
1457
1467
1771
1202
1030
1012
1388
1478
1495
1918
1910
1682
1553
1437
1204
1661
1731
1672
1095
1154
1943
1118
1001
1752
1777
1301
1445
1515
1280
1925
1733
1487
1835
1998
1348
1975
1561
1175
1813
1471
1374
1618
1939
1122
1516
1911
1359
1743
1831
1014
1599
1120
1739
1655
1773
1655
1230
1658
1966
1449
1510
1229
1248
1558
1959
1144
1352
1334
1310
1995
1858
1535
1429
1431
1767
1022
1428
1089
1581
1668
1581
1588
1572
1190
1957
1653
1876
1401
1850
1663
1852
1218
1715
1181
1134
1569
1713
1131
1520
1810
1289
1041
1344
1830
1357
1820
1996
1285
1725
1085
1422
1896
1456
1927
1183
1328
1512
1329
1946
1659
1382
1983
1753
1972
1847
1113
1512
1930
1896
1823
1559
1589
1181
1717
1028
1352
1848
1809
1333
1076
1002
1535
1523
1533
1321
1697
1689
1851
1776
1260
1671
1808
1125
1850
1043
1110
1918
1603
1386
1629
1812
1848
1559
1801
1638
1540
155795
111871
185910
138305
164706
156298
121821
166880
113024
160753
175830
199019
102401
148093
106100
155230
122019
141660
194988
179020
155548
187094
124783
128796
194412
172304
179482
173793
129498
172799
178543
188750
130408
193697
176426
161267
134187
120779
157721
198710
101234
110647
108506
187489
102291
150885
111302
197189
142007
109828
108779
148059
162455
195333
102041
142325
113552
118122
134576
127114
123145
149748
163633
175382
103081
152127
188367
121078
117538
133408
193598
165868
157749
184602
175994
175326
166256
135019
174074
172271
139043
194698
111407
147988
192842
167421
152230
146097
145822
198564
174487
166426
166304
143938
100876
116518
154255
107755
111403
105713
149998
198340
111418
149737
137366
132331
124575
185809
104019
186620
162758
124301
179599
179523
127616
147996
163551
170423
185897
177152
123532
190201
180734
118427
115725
147918
158152
170088
113809
130058
112851
123148
136866
191602
143505
195060
108715
114386
159583
122442
161755
142172
129681
139869
122788
155007
170851
157151
174133
184361
165303
179775
107708
187087
196099
164313
107699
170017
169412
121642
102304
143134
146388
191814
167022
116125
191275
165448
150329
120183
191694
100206
168687
158400
149169
182633
132474
115511
171089
138247
102273
130462
160057
137618
198606
180065
126176
153332
149750
102571
123200
108560
174442
133203
184096
111742
196293
124822
164469
160185
186492
127311
170867
168988
116926
129415
199820
183261
154274
178417
180584
104160
103489
148569
184662
141863
130344
104717
182184
143954
140918
191390
195604
163201
111746
143613
143466
145213
191259
163921
101272
198527
160673
131340
149794
137145
191701
175432
158342
190981
149848
134067
167818
141628
129284
171840
182301
105012
131307
106062
129179
117354
161606
103901
159428
162488
165140
123784
152347
160616
188554
147807
137169
108197
132694
127850
150110
114722
115394
125985
118833
124014
117034
121317
166117
119988
195374
163239
185843
111672
144797
102424
115100
142874
191703
197531
199376
104360
176954
150599
123396
149175
172090
168030
190047
183159
175211
140560
197459
166596
108630
158283
186103
148344
109013
141504
140456
148508
117998
199705
184802
197294
187260
166076
157993
189202
143714
169318
128431
165765
151869
150013
121186
192790
151726
127221
125599
123588
108105
103631
134292
126355
147704
105962
149161
103965
115895
196449
186518
148367
142866
188131
124595
191947
179651
106095
141445
114885
117494
193908
199521
170639
139352
193453
187537
151640
184476
154589
133664
111824
168658
158821
106571
121106
120338
193930
136355
158398
160209
171191
198234
130842
196933
101299
119090
112395
116592
170743
112324
107255
106936
147563
185645
114276
125692
142176
147934
100466
187154
196276
151377
134892
124652
167922
117324
153220
115104
175544
149654
118122
155359
184420
189500
150123
100334
132108
111156
115856
128267
182508
139889
127793
145187
129469
131391
111801
153367
158184
162414
187913
182078
180742
184131
136219
197028
119390
149968
145457
120207
121734
167243
131228
171119
193235
175382
161816
192678
107741
107831
118983
157082
131566
167223
191331
102942
181535
151943
149482
182705
171743
187060
107712
178671
194483
134684
151687
187226
127989
150709
139707
182229
142365
135442
152568
120149
172285
111627
193519
143514
114404
179726
196150
181329
126444
158305
112832
140153
126674
182372
155140
163292
129617
166967
135621
194652
142916
116930
121598
112797
152639
129186
169350
150939
182498
161931
140651
198074
194359
109632
158720
101994
103565
159909
126951
144075
120706
149622
104430
115587
186812
120215
153323
138156
197212
182206
157784
127513
140802
108983
178987
119048
107628
147752
118570
157695
101057
153493
102582
163471
107955
150286
112988
142473
123412
179935
192192
135586
184595
148019
193421
136403
107830
114554
168393
115767
110088
198283
151871
118223
123839
129595
186894
135124
193679
187823
190263
185367
197923
152243
167983
156173
154942
112021
111974
193598
119465
104156
152286
116215
161704
179469
107895
101413
180582
156176
120006
196598
184126
138503
143931
145802
133970
170584
194384
113788
145259
157317
178733
101168
163745
123850
112533
193639
188304
124195
151345
192100
196331
171971
121138
149047
122556
196152
154255
100310
142132
199244
188514
109497
130299
161485
101347
132348
179927
154314
116984
181027
168214
165265
196755
130822
142766
111809
180605
182331
199000
174420
156586
135559
180685
198406
143486
163960
161650
181854
114828
133545
177828
162527
155762
105720
186086
149297
180305
127024
113861
117326
160099
177504
106682
124005
145359
109342
152621
124897
139280
119865
177341
152206
180682
182484
135437
130582
111535
129885
179618
104457
180926
187720
124332
151570
167243
190299
109187
190526
137428
114326
189739
163631
101542
189453
136887
115730
163954
115310
179746
185742
172702
173682
127310
189547
139884
180300
129113
116202
146419
170310
195642
184146
152881
114853
178061
122456
149665
138549
194055
189841
174717
158687
138773
152291
146623
144766
150925
147192
113982
148787
181331
181891
190516
173624
144857
108874
184226
110351
112001
149755
130248
128973
131011
192531
129604
136161
172502
192360
142508
105604
179065
177280
166540
190082
191072
187421
141272
122926
115725
151435
153707
124995
139914
147460
128059
177461
106867
107110
137075
175840
177791
133528
196000
105991
156068
172433
117381
159828
110772
178712
187566
106771
169781
181729
121879
186134
175510
125407
177754
114969
115660
109822
199670
195683
100072
199845
119227
140581
105636
192379
175706
127900
135489
172959
133964
117472
117073
150005
120905
147012
166488
193012
109334
134985
195823
126010
180051
171309
124375
159426
179699
128173
159259
144066
176873
153281
149922
123674
137939
135255
172966
172301
156382
191725
196282
158032
142912
172794
124855
193859
104353
151560
113787
133015
157584
125494
181056
152682
156827
199348
134522
156291
118689
128498
109356
137437
119967
190351
103481
111496
187628
166783
113750
113889
132819
139506
195415
110556
133097
144959
135874
131931
145349
188421
156909
101959
162283
103562
137442
172489
133767
106839
136858
175404
129683
189688
151669
175530
113384
171391
192353
104238
121869
176060
175947
135127
178970
100920
139043
146508
123921
171368
157126
174777
187194
135961
182248
182106
152687
189704
137007
177589
128923
112430
135941
104653
146120
112649
173244
132218
196928
160071
106553
174861
184501
193686
189069
109411
173340
132671
131567
180913
173159
171158
166315
192003
147374
198098
198400
175314
101118
133596
199382
183950
175368
186926
192241
134861
114369
198491
139721
171569
116635
162704
101575
127567
170321
143883
192135
158723
148851
151811
177410
147615
121289
190992
188450
172836
139164
102837
131387
128861
186272
118851
105940
131805
129698
190763
172834
118330
133817
120714
182001
129800
194514
178575
170471
163480
103617
195112
152443
144533
167261
182275
173742
101037
184379
136175
144508
113606
155033
170799
102552
122125
132993
135607
101676
196394
158184
179793
111372
192203
123194
16521850
15597275
10350051
13409924
13301035
18899491
14637201
10155415
11341583
12373199
19029733
10395924
15838300
11844465
16522443
18288384
14471534
11752475
16220631
17721402
11174539
16068110
15197701
11266613
18718956
13757747
16475585
18186147
19963284
16959534
13429652
18446005
12337196
19479374
15567149
14920067
12432244
12236905
14805344
10148842
14737964
13481777
14211430
11122934
18423644
18387312
10927136
13525904
17024693
11719118
10450468
18893932
15724173
10308994
10632619
12970766
18784133
12860496
15409879
17732780
14601198
16132892
14061058
17805562
12171532
12578188
11008102
14969642
18884239
13921320
18292562
16016738
11011741
19668313
18496883
13398827
18065801
14842001
14923903
16184973
19221148
17086554
11365615
19192221
19478339
16736477
16985042
17443897
14221538
16395302
11271321
14664354
16659576
19751908
16781091
12815562
15873140
16743003
13871704
15289389
12523060
11081748
14137318
11915273
19030037
15060663
11330200
11744816
15507443
17196846
17003709
10613852
16622439
13754499
13686204
14751453
11384977
12496630
18858134
12661889
13830767
12503828
14233555
12022330
17875958
11531439
11119665
11421618
10159569
18455852
16464798
15460319
14978706
19313065
19881612
18162445
11554192
18734847
19903121
13292074
11065438
11897295
16699085
10919241
16930465
15451520
13172315
11999649
13329376
18521957
10921931
13792673
11509192
12381574
13743782
17484031
18004948
14156604
15951907
11921280
13638095
17648979
14634418
12002922
19975320
10836592
16737872
11420978
12319187
13909570
18330670
18247995
12466941
17274239
19844551
15821224
15917830
19475892
15699650
18565608
17094515
14704263
15524198
15715534
17723098
10994795
18402659
18144385
14883216
10045505
10377323
19827486
10454948
14789008
16924576
17412611
11532263
17259689
19183060
17265356
16930363
16501605
14800899
13405158
10694065
18283468
15807273
12105632
16804699
17085199
13038697
14837421
13850370
18001060
17107257
18709320
10394083
19447986
10546055
15306440
19548917
10667592
12222353
10893318
11924693
14656073
19150802
16461544
13357506
11453595
17280261
11954022
18063894
10991429
19324107
18488041
18925550
11313721
13870419
11016492
11192985
12218698
17373394
19231893
19050325
10188790
12661977
13129271
18277192
16922682
16522032
19666555
12246954
19389844
16678988
18909035
10090244
19194371
14092387
12965011
18953952
10752226
12835090
13284749
19462454
14123970
15984357
17663794
19059430
14018852
13105515
11926489
11553522
13184367
19178847
10260173
13229223
18840251
16105732
13637193
13383870
11408457
16244415
15345935
13687882
15694698
15491243
13630810
10262414
16750744
18346149
11511345
17003444
11105003
12144631
11356668
14695220
17257637
16297066
10282650
16235750
11306768
14881014
13020862
11247662
16152081
11059854
11648813
11844382
19687341
18889989
15683268
17661725
19343528
18602636
12219356
11448489
16094329
18486854
18246414
16946187
10258835
13840156
10769277
15961309
15771642
14870186
18651835
16368496
13025221
12495507
17487930
12577234
12158999
16488112
11054576
13925341
13732707
12324725
11098527
10519664
15935538
14807024
16678341
14984428
18961212
13127271
10564795
12538463
16694034
11793032
13806324
15775759
17208372
11064109
16242554
13140387
18083362
13787055
15860070
15084460
14605910
10665389
13055232
10957478
10420698
11516091
10012138
10609771
14502370
15515933
17843331
18257711
18751814
16461594
11901439
14762467
18303818
18461486
12723097
10799298
19423027
13282189
18353592
17367790
11742908
10388711
13958852
19965602
12810165
11504390
17032036
19362483
17485980
19250728
12813615
10564838
17760451
11230465
15845676
13019954
11507550
10696665
11120534
18892409
11460216
12598140
14467418
10993180
12645077
12989240
12380797
18806464
19498550
12969608
13418165
18775234
12173235
10504108
17574783
16402665
12836013
12004689
19354888
12315189
12913076
18827171
15456179
16840161
16175305
17119485
13339878
12158625
18603213
19428971
11108001
10376154
12008804
15581906
17679492
15879675
16070787
19796036
12411198
12515810
15894260
13385354
14688963
12853909
16573456
14509078
10367879
18350442
18084984
14138522
18973006
14433690
16681017
13507544
10777705
14695354
11535252
13491309
14628377
11943417
11562056
14993841
10647562
10434196
16341403
10352707
17464070
17834120
16260034
13553520
19353068
15819791
19526018
15907553
19489799
17798539
14639897
12441644
12303549
13623161
12082316
13246015
13766608
15009748
12195042
16873761
16625474
13278076
13368953
18956552
14681089
17968717
16911162
14136527
17038481
18166317
13338307
15985430
10973718
10230578
13480776
10001209
17454268
14292340
12176490
13694206
17553619
14552586
17370562
15144958
16830227
10538125
15598180
17063069
17919962
12564393
12350122
10275626
17482694
18047877
12407266
17107646
15045089
17041246
17628612
19329252
19889305
19582054
16784355
10146443
16545805
16510849
16226866
19644010
11697020
16363726
17803485
11725930
19964641
12918825
12455877
10828260
10899932
14875200
17978116
12060507
15344220
17972200
18960962
11486362
18083246
11344042
11446837
14591912
12135908
19519093
17154395
10960430
18912763
10759574
17928480
16697446
15222209
11905752
10167103
13138355
15955610
18292078
13602528
13334892
11467569
16784945
17357330
18203252
10561279
14560811
12670434
14149374
17241299
10719702
13713828
10909205
19796776
11205076
14060727
15054104
18625895
12113847
11092117
14990701
10405839
17568081
12188224
13942585
14173092
17966227
16752677
11280388
19824019
19021068
13930772
18399177
13887852
12163466
18433447
14994245
16061699
16806886
14181784
15612184
16700272
16240053
17606108
17484548
13917488
11224389
10844777
12544944
13953240
11399907
14080353
14288268
10858950
10715550
18301640
18454090
12798624
14371672
16842177
17070305
17950825
19008856
12091802
11432949
10492821
13327615
14381409
17200513
18047057
11145982
19706024
19921448
19077234
14303459
13835467
18487192
16705753
18188285
11187656
13888666
11713548
14013965
17176148
15884404
15183407
12154556
14580591
10121782
18940515
15092784
14200388
19754986
11094592
19775980
19425077
19270681
12693647
14493143
11005164
11188268
17971831
11017751
11770506
15387201
16056392
10697489
16082886
19084422
15648654
13385906
11065357
10012397
10531779
16490345
15206509
11754254
10555699
18905000
17308805
14026255
19785694
15084779
11758630
12063899
14137178
17671520
12530400
15067449
11169418
14429641
12288113
19551018
13601187
12101552
19434046
13584100
13152782
17420813
12485336
11100283
16971483
11556294
16229310
11013898
13889306
13460949
18323364
10428016
18455642
10564181
17064975
11229189
17489288
17622627
13772313
16826860
13731718
16364752
17879345
18837204
10688650
11788968
15305067
14133632
19941519
12354848
19565611
10963825
15572986
12783140
17799386
11939256
11721492
13303565
10813833
19316240
14562372
11685341
17083977
15719660
11929429
15265210
13438328
13148314
17856723
15366858
18000592
14500465
15103319
16095714
12759855
18219310
14148213
12212357
16141211
12927671
11624784
12311190
12695548
10619199
10385568
18568379
18269831
17895637
10175020
16444290
16896510
18152740
11758570
10152344
11579100
10047208
14837460
19998131
15531873
14578720
19766728
17031751
19175701
18052313
13908047
19790216
16183669
18496390
17122295
18493842
12311400
14052787
10879659
14964152
10344900
10201822
13462141
15761161
11998939
18426315
17556535
14921982
10158567
18014688
17150207
15203260
10149236
14391986
17921463
17267904
10360780
11016300
12172351
12999991
18599336
15802704
12491274
10851733
19184231
19310087
12614094
11258126
13281980
11608468
12876729
10559210
12102480
15946544
19961359
18031554
15950665
14216866
14349907
11304779
14096195
10854903
12840750
11165394
13394901
19189713
19449875
16712838
12060867
13309867
14991259
14083707
10765605
18986618
10652111
11628219
18188268
17489504
14046271
10500597
18066749
13741688
15601172
18676644
13410722
19689576
18560622
14348914
18745006
19078246
17279538
14655993
12775935
15244167
14033571
16613834
16402037
10040014
10934400
12717046
12609709
11735569
10281569
10608831
14163741
12816086
13667628
17004768
16541140
17122018
17168672
16066496
12312663
17582880
14622038
18789951
19467225
16894646
16741180
10018580
12763896
12058257
10439157
17708108
12771205
12835799
17180537
13961744
13267892
17393861
14096295
10558989
13931241
14497832
19698179
12685734
19356819
10702199
13382233
12530297
19608465
12522953
19880401
13037061
10252794
17499866
13180669
13977015
19189780
11580227
14314911
15260158
15513985
17754702
18584822
15804319
16998651
13666869
16270256
14253015
12996974
12865337
15351064
12691872
13168752
17051687
17474314
15440593
10760477
17428653
17590544
11099162
13811763
11475891
10046907
19543820
19484924
10600700
18362672
13656890
16162836
13658994
15720708
11925305
14072782
18880919
13117166
18873349
16006746
19013138
19973550
17192561
13427838
14487714
12301710
11618012
16519358
15742277
17987081
19200533
15679613
13233036
14702574
11758297
10022655
16995114
10307341
18346772
17467949
12100282
19845383
10693445
18288983
17513536
15017042
